##phase	g	err	r	err	i	err	z	err	
#
-79.02	-19.72	0.52	-19.50	0.28	-19.34	0.36	-18.96	0.32
-34.12	-21.64	0.10	-21.42	0.18	-21.26	0.10	-20.88	0.10
-30.11	-21.65	0.08	-21.43	0.01	-21.33	0.10	-20.91	0.10
-29.23	-21.71	0.08	-21.49	0.01	-21.34	0.10	-20.92	0.10
-26.41	-21.75	0.10	-21.53	0.06	-21.31	0.10	-20.94	0.10
-25.25	-21.74	0.10	-21.49	0.06	-21.33	0.10	-21.02	0.10
-22.30	-21.68	0.10	-21.51	0.06	-21.34	0.10	-21.22	0.10
-22.05	-21.70	0.10	-21.51	0.01	-21.35	0.10	-21.22	0.10
-21.89	-21.72	0.10	-21.59	0.06	-21.36	0.10	-21.22	0.10
-21.13	-21.72	0.10	-21.49	0.01	-21.37	0.10	-21.21	0.10
-19.68	-21.73	0.10	-21.52	0.05	-21.39	0.10	-21.20	0.10
-18.41	-21.76	0.10	-21.51	0.06	-21.43	0.10	-21.22	0.10
-17.12	-21.75	0.10	-21.54	0.05	-21.43	0.10	-21.25	0.10
-15.07	-21.91	0.10	-21.56	0.08	-21.51	0.10	-21.29	0.10
-14.36	-21.77	0.10	-21.56	0.05	-21.43	0.10	-21.31	0.10
-9.90	-21.87	0.10	-21.69	0.13	-21.55	0.10	-21.36	0.10
-9.48	-21.88	0.10	-21.70	0.04	-21.55	0.10	-21.36	0.10
-8.06	-21.92	0.10	-21.68	0.05	-21.54	0.10	-21.38	0.10
-6.40	-21.92	0.10	-21.76	0.07	-21.61	0.10	-21.39	0.10
-5.86	-21.94	0.10	-21.66	0.02	-21.59	0.10	-21.39	0.10
-5.45	-21.95	0.10	-21.69	0.05	-21.57	0.10	-21.39	0.10
-4.09	-21.95	0.10	-21.74	0.02	-21.60	0.10	-21.39	0.10
-3.04	-21.95	0.10	-21.72	0.05	-21.62	0.10	-21.38	0.10
0.40	-21.97	0.10	-21.74	0.02	-21.64	0.10	-21.37	0.10
0.47	-21.97	0.10	-21.81	0.06	-21.64	0.10	-21.37	0.10
1.26	-21.96	0.10	-21.72	0.01	-21.63	0.10	-21.37	0.10
2.18	-21.95	0.10	-21.67	0.01	-21.62	0.10	-21.37	0.10
3.99	-21.93	0.10	-21.70	0.13	-21.59	0.10	-21.36	0.10
6.68	-21.87	0.10	-21.77	0.04	-21.64	0.10	-21.35	0.10
7.33	-21.86	0.10	-21.70	0.06	-21.65	0.10	-21.35	0.10
13.41	-21.79	0.10	-21.59	0.07	-21.49	0.10	-21.33	0.10
16.30	-21.67	0.10	-21.56	0.06	-21.44	0.10	-21.31	0.10
18.72	-21.64	0.10	-21.49	0.05	-21.36	0.10	-21.30	0.10
19.25	-21.60	0.10	-21.53	0.02	-21.30	0.10	-21.30	0.10
19.64	-21.57	0.10	-21.43	0.14	-21.25	0.10	-21.29	0.10
23.10	-21.47	0.10	-21.34	0.14	-21.29	0.10	-21.27	0.10
24.64	-21.50	0.10	-21.36	0.02	-21.25	0.10	-21.25	0.10
25.09	-21.51	0.10	-21.33	0.05	-21.24	0.10	-21.25	0.10
26.68	-21.32	0.10	-21.24	0.14	-21.10	0.10	-21.24	0.10
27.77	-21.42	0.10	-21.29	0.05	-21.23	0.10	-21.24	0.10
30.03	-21.24	0.10	-21.26	0.08	-21.18	0.10	-21.16	0.10
30.03	-21.24	0.10	-21.25	0.05	-21.18	0.10	-21.16	0.10
30.48	-21.34	0.10	-21.24	0.05	-21.18	0.10	-21.14	0.10
31.67	-21.34	0.10	-21.24	0.01	-21.16	0.10	-21.13	0.10
33.10	-21.33	0.10	-21.22	0.05	-21.13	0.10	-21.11	0.10
33.12	-21.27	0.10	-21.23	0.07	-21.14	0.10	-21.11	0.10
38.35	-21.09	0.10	-21.06	0.09	-21.08	0.10	-21.10	0.10
38.51	-21.14	0.10	-21.10	0.06	-21.09	0.10	-21.10	0.10
41.59	-21.15	0.10	-21.13	0.02	-21.14	0.10	-21.11	0.10
43.13	-21.16	0.10	-21.15	0.05	-21.16	0.10	-21.11	0.10
43.97	-21.20	0.10	-21.12	0.05	-21.08	0.10	-21.11	0.10
47.99	-21.13	0.10	-21.12	0.12	-21.04	0.10	-21.07	0.10
48.28	-21.12	0.10	-21.15	0.06	-21.04	0.10	-21.07	0.10
53.61	-21.07	0.10	-20.93	0.08	-21.04	0.10	-21.01	0.10
54.27	-20.94	0.10	-21.01	0.11	-20.95	0.10	-21.00	0.10
54.53	-20.89	0.10	-20.93	0.03	-20.92	0.10	-21.00	0.10
54.69	-20.95	0.10	-20.98	0.05	-20.90	0.10	-21.00	0.10
58.30	-20.88	0.10	-20.86	0.06	-20.83	0.10	-20.98	0.10
64.10	-20.67	0.10	-20.84	0.06	-20.80	0.10	-20.86	0.10
67.30	-20.56	0.10	-20.64	0.06	-20.71	0.10	-20.79	0.10
69.24	-20.56	0.10	-20.71	0.06	-20.67	0.10	-20.77	0.10
74.50	-20.46	0.10	-20.53	0.05	-20.58	0.10	-20.71	0.10
81.46	-20.34	0.10	-20.49	0.06	-20.63	0.10	-20.62	0.10
87.45	-20.35	0.10	-20.39	0.06	-20.59	0.10	-20.55	0.10
93.70	-20.40	0.10	-20.41	0.09	-20.68	0.10	-20.48	0.10
99.13	-20.31	0.10	-20.25	0.06	-20.52	0.10	-20.42	0.10
103.92	-20.19	0.10	-20.21	0.06	-20.48	0.10	-20.36	0.10
115.26	-20.04	0.10	-20.17	0.07	-20.47	0.10	-20.23	0.10
120.97	-20.01	0.10	-20.06	0.09	-20.34	0.10	-20.16	0.10
243.60	-18.06	0.10	-18.45	0.13	-18.56	0.10	-18.72	0.10
269.01	-18.30	0.10	-17.75	0.06	-18.20	0.10	-18.30	0.10
270.74	-18.21	0.10	-17.59	0.06	-18.31	0.10	-18.29	0.10
276.10	-17.98	0.10	-17.56	0.11	-18.25	0.10	-18.55	0.10
288.45	-17.45	0.10	-16.88	0.22	-17.32	0.10	-18.05	0.10
290.61	-17.58	0.10	-17.08	0.09	-17.44	0.10	-18.09	0.10
297.72	-17.31	0.10	-16.87	0.11	-17.66	0.10	-18.22	0.10
301.47	-17.34	0.10	-16.96	0.10	-17.36	0.10	-17.83	0.10
307.32	-17.07	0.10	-16.93	0.21	-17.42	0.10	-17.63	0.10
312.96	-17.28	0.10	-16.91	0.11	-17.47	0.10	-17.65	0.10
318.13	-16.71	0.10	-16.89	0.25	-16.77	0.10	-17.52	0.10
320.19	-16.99	0.10	-16.93	0.12	-17.15	0.10	-17.47	0.10
326.44	-16.75	0.10	-16.49	0.13	-17.19	0.10	-17.31	0.10
346.75	-16.73	0.10	-16.39	0.21	-16.40	0.10	-16.87	0.10
#
## All light curves linearly interpolated
## Extrapolation done by assuming constant colour with reference band (r)
